0.7520148969425977 -0.7617309094582755 -1.4745770668735698 2.0565887167968735 -0.6777406281819461 0.039038730216936546
2.0565887167968735 -0.6777406281819461 0.039038730216936546 0.8964071167591283 -1.9077478700218733 1.1072432237270324
0.8964071167591283 -1.9077478700218733 1.1072432237270324 -0.408166703095149 -1.991738151298202 -0.4063725733634722
-0.408166703095149 -1.991738151298202 -0.4063725733634722 0.7520148969425977 -0.7617309094582755 -1.4745770668735698
-0.2237236968850003 0.8130794974391494 -0.7209814333651977 1.0808501229692753 0.8970697787154768 0.7926343637253073
1.0808501229692753 0.8970697787154768 0.7926343637253073 -0.07933147706847064 -0.3329374631244501 1.8608388572354064
-0.07933147706847064 -0.3329374631244501 1.8608388572354064 -1.3839052969227474 -0.4169277444007802 0.3472230601448986
-1.3839052969227474 -0.4169277444007802 0.3472230601448986 -0.2237236968850003 0.8130794974391494 -0.7209814333651977
0.7520148969425977 -0.7617309094582755 -1.4745770668735698 -0.2237236968850003 0.8130794974391494 -0.7209814333651977
2.0565887167968735 -0.6777406281819461 0.039038730216936546 1.0808501229692753 0.8970697787154768 0.7926343637253073
0.8964071167591283 -1.9077478700218733 1.1072432237270324 -0.07933147706847064 -0.3329374631244501 1.8608388572354064
-0.408166703095149 -1.991738151298202 -0.4063725733634722 -1.3839052969227474 -0.4169277444007802 0.3472230601448986
1.4965233099748092 0.682673055548565 -0.8750735983291779 1.0808501229692753 0.8970697787154768 0.7926343637253073
1.4965233099748092 0.682673055548565 -0.8750735983291779 2.0565887167968735 -0.6777406281819461 0.039038730216936546
1.4965233099748092 0.682673055548565 -0.8750735983291779 -0.2237236968850003 0.8130794974391494 -0.7209814333651977
1.4965233099748092 0.682673055548565 -0.8750735983291779 0.7520148969425977 -0.7617309094582755 -1.4745770668735698
